40.456496463 42.141042028
-2.934429156 12.587179870
38.360888015 37.728492830
-14.160746131 19.407201826
43.525748090 37.958657321
39.550863724 44.261972746
39.137386205 37.770684640
-3.841289796 14.134827400
44.949502401 41.387173751
-3.015179351 26.376396285
40.404186396 37.036553466
-0.560994311 13.799595808
-13.319513274 2.793617680
38.392526543 40.663312351
-2.484269893 0.326668708
-5.718215916 29.081095204
38.426277718 40.968420609
35.691694688 35.992971985
41.028601217 38.485745917
42.506064184 42.348053459
-4.467348010 9.738895549
-2.926799931 18.814654256
-0.198532112 18.514074118
39.985298722 35.246714801
41.648887803 44.563015800
-1.567941344 13.299416275
43.453984699 35.842736933
-1.345029957 22.931207565
-0.049670334 26.124259988
39.265640861 40.407624387
-3.032594731 10.666504506
-28.269970659 10.410485338
40.302178047 40.939827115
33.815962048 37.630056697
33.231615872 34.845088259
-6.828258678 30.820302957
41.904028822 42.682993119
36.333036739 34.359597368
-12.165495467 9.175301584
41.006332994 40.598822563
-8.078291861 8.567973213
-0.707247189 10.771037910
41.764863020 42.317722711
33.385581149 36.042297144
-11.171971579 3.451448580
-1.468919844 26.773345232
39.239765645 41.791044248
-1.923709487 4.798082625
37.136138407 41.597084177
-0.545141608 8.066303934
38.965857121 36.619886641
-1.153735009 14.279750513
34.829003645 32.555175139
-8.657300819 12.920937566
40.166178055 37.767867289
38.439172977 41.045070057
-1.499159160 21.244108860
40.449115170 42.250627351
42.417001353 41.964700274
34.758253218 37.171474683
-20.526923193 22.714668625
40.628476288 35.964089265
38.417446052 37.015849253
-14.376726764 17.269012507
-1.254981280 12.865346268
-0.516457928 2.629282249
36.151018477 38.250132495
-8.786023800 5.013422195
43.796903850 40.627301000
-5.872539651 8.272635631
-0.681367246 20.104062629
-8.432260321 14.885312618
-2.919470855 15.716215022
39.633238798 40.750242525
-2.129153036 22.097349398
-3.696523555 5.656390741
-5.440892690 13.454551319
-8.971291248 7.223006080
-2.194592326 5.239172879
-5.446472160 16.165434544
33.163401842 37.770548006
43.880342919 39.885745378
38.235024974 39.298900133
31.911815046 34.786288710
-0.225369706 14.141661739
37.033818692 42.051486729
42.712146408 39.314584100
-3.656423568 17.164629666
44.359881919 41.819163261
44.014346289 39.037871678
-3.459977209 13.854647777
-4.443656208 3.969925952
41.231260006 41.316363229
-9.205549516 33.204167004
40.025170317 34.660160123
-4.874963189 2.789904457
37.344760311 38.390733001
-2.410912814 20.766240619
-3.150488070 29.394371808
44.174590670 40.561377059
38.480901979 39.351624028
-1.200145341 20.590614393
-1.532591095 27.810490439
-0.496709620 3.322091215
-9.869910704 8.159591999
-8.737880355 7.077584876
44.548416563 37.255226615
-1.451184472 24.321052894
35.969435562 42.633281262
40.909328610 42.869634468
-3.974912924 25.100905057
42.495468574 38.599097056
-0.604221497 3.205160163
39.624076521 41.680248590
38.419808807 42.012932668
39.168439194 39.772419510
-3.609234794 30.626297762
-2.444550520 15.335891801
40.446418741 42.488316675
35.587184841 32.555728191
-4.525878396 4.882331340
37.051747426 37.408702231
-1.348041126 4.219153525
-6.781069196 25.028358966
35.637899055 37.299717521
-3.371596996 11.539991845
-11.416460666 29.549608870
43.466843216 43.501836398
-4.769741249 21.566738830
-13.516697053 10.441733255
43.020768853 42.617603199
38.234008228 37.299282803
-2.058317770 3.625536805
-2.828148262 20.782511945
41.304610059 41.307385057
-1.979895799 7.506396000
-3.205558482 14.247700811
33.791170116 39.766839412
40.568829431 42.282017423
39.651025553 38.662012313
44.177811368 39.381951509
-9.517156340 59.712819535
36.712237298 38.588831732
-15.040048114 57.008128228
-3.823957256 29.685996236
41.120042722 38.717427399
-5.325434426 18.709370067
41.162660636 37.911323767
43.640693078 40.448679781
-4.595541464 5.034592369
-0.819963242 46.817341264
39.690744031 39.114121449
40.229375338 34.415232231
-6.127551602 11.415399149
-0.146294433 10.055975435
-13.276640965 85.005995132
-5.499833200 18.728575435
37.533148667 41.409206072
41.978584958 38.947185341
40.552796435 37.330040258
-15.852879372 15.550722601
-2.890458317 24.262279271
-1.524265912 7.262827032
39.461521838 40.964343359
-8.776707707 5.576827381
-4.388876961 5.574939387
39.687359468 39.733925108
-5.894521577 15.064862878
-19.935419030 7.793035868
38.391428829 43.376944676
-6.590727043 65.469287363
43.382637874 42.270613562
-1.962977480 20.281104092
-12.483523176 7.848577892
-0.876867913 9.961148592
-5.934388057 53.928327660
-4.759486582 17.636250502
41.446491397 39.926175209
-7.461912496 5.341092625
-5.301254210 14.889628950
39.177396525 38.330476520
42.720013309 43.109292361
-9.992464624 5.992675959
36.225721864 36.283103913
38.297131447 36.353961290
35.887415601 37.075056596
-2.049994515 12.282959408
35.775396659 38.177546238
-6.035382771 6.491697677
43.531008972 43.503159530
-5.682264578 6.024640082
-2.670489694 26.487136528
-11.109969459 0.582815039
-15.633432641 4.730957456
-2.992433100 6.899859496
46.951696871 45.415015704
-15.216275650 31.858306806
-11.647432196 4.571111214
39.557443125 35.707094647
42.044169300 39.657341307
42.531514222 47.837186690
41.888000514 41.245611489
-3.145533026 5.319354225
39.394777593 38.079658636
40.867737473 43.101999892
-0.206102053 6.590621284
-3.288061530 16.447488453
-3.738074594 4.842284032
-17.089259689 2.822600144
-9.155919083 17.297489287
-9.473296133 2.468238944
39.767545740 38.454434139
44.576130253 42.400633371
37.722383761 40.188387707
36.673722582 34.390498807
-6.544886932 19.947594738
36.198679583 34.277436346
-2.481293315 20.609152418
-2.551942750 17.103682744
-24.250643384 3.473323589
-0.687724463 13.566516429
40.869298435 38.373940464
36.439228410 37.901743969
-4.082284689 10.193328120
-0.578191295 4.886648897
33.397627590 41.079822209
37.946895445 40.021033629
-20.370994351 5.299091349
42.541198950 38.453551155
39.965005609 43.362925166
-3.664026636 6.542493964
41.020255295 39.023372703
39.799131125 40.637306348
-0.412056266 22.850071503
-3.573600262 16.270181862
37.462092630 35.349630930
33.179183519 37.147431010
-3.440352732 25.581853977
38.665869370 38.713229341
38.346431408 38.608506678
41.466827514 40.342135130
38.862152648 35.847129684
39.754936320 37.607996500
38.854422761 40.526081960
40.237506169 38.604460183
40.491481519 47.175480770
-12.643120530 15.563067833
-8.794344857 22.582643271
-3.748667398 9.263587602
-2.424881478 22.910985836
40.217548078 41.489735873
34.694546484 37.602247468
-2.280532124 7.208021055
-17.141461460 54.481357918
-0.829220522 1.995721234
42.505437094 42.883516263
40.792097351 39.410918862
37.357523949 39.261593015
38.009144649 35.919984658
41.500994613 38.397375374
39.745974766 38.028979897
41.293445792 40.390247010
39.645945031 36.326315284
40.471385564 41.145743048
-4.372340112 17.159556290
40.289535385 42.520508769
39.016695868 36.241011751
34.280958961 38.841673252
39.995930770 42.134196994
39.428187547 38.571147020
36.174757289 37.808235841
-4.050840902 24.777695328
-8.298284740 15.782016579
37.008255930 42.488796920
-0.268338733 11.898884334
-2.350251641 25.004438022
-4.756862878 18.472888434
40.839025598 39.634898858
-1.310741127 20.388275078
-10.192581143 8.544901914
-13.280104937 7.054903440
38.144904265 39.133391303
-3.001656281 11.166817004
41.830823941 41.257075228
-10.635691669 11.160625150
42.216945914 42.591383721
-6.849134195 10.124427530
-3.311714387 12.466862382
-1.797667499 16.997764867
36.601797526 41.576962068
41.607599246 40.243750277
40.493137372 40.057491134
-0.858985886 5.387186363
-6.803299242 8.052392373
35.024928677 30.946282504
-3.635898432 17.221901167
-7.396147640 39.317274734
38.186631152 42.833480955
-5.093755548 24.764211056
41.998293895 45.531985581
-4.016327393 29.143634285
-1.398269983 8.065879200
38.858982365 39.374325674
42.055629504 38.262993729
-1.834149142 1.893959134
-1.320158931 16.987516548
43.539106460 39.662532518
39.386329909 39.573603598
38.448726901 38.163516413
36.309632832 32.694242187
-4.823641436 4.404629788
-3.418443348 17.535738838
33.677159287 35.705569611
-2.821981512 32.790574318
-5.973399780 1.835046608
-0.636486519 0.624232256
35.039107294 43.359959189
-1.741247235 1.100415926
-0.859536788 32.168738818
-21.542222565 3.721489749
-15.960949649 8.994117979
-3.736312913 30.181204438
-12.672461115 13.435260302
40.402975269 44.756553246
43.392300845 43.325937688
35.235299985 37.268901374
-7.641852455 5.646791195
43.903417260 42.219735714
-6.713918886 4.503986264
37.898432050 36.153803498
41.713876794 38.435788471
-0.445812649 18.632534854
37.955693607 42.002217181
43.461841958 44.364459237
43.461565933 40.656143415
-2.496507301 9.137930507
38.044910461 37.873337931
-5.959101990 23.941464138
-3.707438505 10.387571328
42.924365439 39.187997536
-3.613852615 5.057736761
-3.994308549 9.324880368
-13.334442017 3.621401918
-4.195098191 8.149803708
-2.687488798 14.929897258
-4.876502770 25.462166880
38.091385652 42.053115014
40.931717174 40.514180913
43.164472454 37.926653008
39.113996379 38.082224182
-3.801915394 3.851263216
-10.908153863 5.579575976
-8.597574413 32.878191490
34.826337648 40.322343743
41.486864677 42.275185115
-0.183463161 7.162311244
-0.623095614 8.033951886
-1.325695324 33.197786713
-1.515172165 46.116047880
-20.892466129 4.543115344
40.577013861 40.006142248
-2.233776660 16.010252451
41.782663952 38.642744237
38.905038900 41.037004388
40.834288505 39.519610576
-17.155257973 16.113060901
-9.309167058 11.677757890
43.271991633 39.856036479
-2.435938469 4.476677399
39.202018252 38.803340819
-8.529484361 10.271285979
-11.014403924 11.125018379
40.573008265 36.268001835
41.028718497 36.569490657
37.217298208 42.025583386
-3.836426240 11.425348382
-3.562955033 10.346451061
37.254167267 41.727860407
-1.119586970 22.066409035
-2.625531504 21.279678267
-0.149877905 6.436196131
31.242382230 36.063989793
41.795115186 39.974809299
-5.616104267 24.021755842
44.000586088 42.809948078
39.370746778 40.111027612
43.081136762 42.184916752
35.260309768 39.999917679
36.745835602 43.951865604
46.216367872 39.187174058
38.974804121 44.030545707
41.843582140 38.603497729
-6.716164321 30.351801316
37.046746767 39.945583264
-5.771974780 4.819064050
-0.323612507 21.350119628
-4.515907079 8.046306627
-17.551423290 6.240691492
38.394672434 41.107085964
41.746016804 38.849648085
38.748253621 40.508057126
38.455376679 41.169652164
-3.978633018 19.886235800
36.640138502 43.468914356
44.271101934 43.160707241
-13.676921098 9.159964670
-3.823911924 11.583805470
-2.588474080 20.820304308
41.465577146 40.807367535
37.638683735 36.319187183
-21.728659149 24.746200459
34.764884979 40.581415279
-10.442272053 1.376204634
39.274712414 40.385688815
-4.317781416 17.420824232
-31.908208589 8.631785959
41.116748812 37.346580071
42.914621612 42.796179468
39.395863702 39.569910152
42.829838713 37.278216971
39.909845973 40.502462694
-2.277562462 3.067105732
37.769454197 35.857741811
-3.958639953 15.828228025
-3.535190443 11.948666062
37.199692111 36.134082872
45.397018106 42.011459935
39.383898118 40.080503074
-8.731106996 19.234115060
46.910414009 42.846856631
42.455886109 40.753020382
-3.871322326 19.493899434
43.114472607 41.347227927
-2.750103371 16.406320707
-11.171745281 90.286237573
-4.010974341 37.321092730
-4.756922021 13.145408354
36.473511802 35.928083214
-8.725964334 0.405928689
42.928229451 38.487888350
38.082354074 39.622431506
-4.901594631 35.409767330
35.253949189 34.709445406
-1.055035395 12.778296052
38.092391877 37.103502790
41.133152202 35.884471537
40.287514479 41.849719263
-12.408073965 66.278169284
-6.202254555 14.308643439
-1.809662708 3.390103015
-30.339767335 21.308370795
-7.274248003 3.221622375
42.182953021 38.606204149
41.195811709 36.717413883
44.276074628 43.549883772
39.333102967 42.396227601
35.633245953 39.899017312
35.397717815 35.887127660
49.198249896 41.914630899
-5.108688238 32.347920096
-4.682887162 36.912836452
-0.710141663 69.514755717
39.907780986 42.253293079
-9.121299285 15.671990853
38.385379313 41.665196506
-1.907690112 22.397915629
-8.034971778 5.069475052
-10.970234332 22.144529650
39.237803500 37.815014451
40.295825765 37.117265606
40.233088742 40.193029380
38.245655293 38.237153499
-10.731085316 2.949139496
40.642407599 43.235084003
39.503577056 40.446659426
44.166218349 39.184271023
39.778863980 42.800502731
-7.284685215 7.664661955
-4.470383626 24.739880101
40.439730909 42.747475036
-2.181824159 14.453304939
-19.056307344 4.825020785
36.115981534 36.431657160
41.880740176 41.063406066
-9.967122690 2.139576464
41.467382845 38.605925460
33.461402016 37.357931659
38.195256046 39.366020319
-2.974804009 4.186303206
39.971125267 43.852816468
43.511981285 41.646935758
40.102898936 43.728509240
40.810244596 41.985795147
38.262112857 40.377037631
-9.498766404 15.054559004
41.417807511 40.711688096
49.669887703 41.202735465
37.595572550 39.406523176
42.736120606 35.751464956
37.719352735 39.564252209
-12.569923568 20.109546097
-2.511257595 41.208451216
38.126908030 43.660512636
-4.904339249 1.796233577
40.972601276 43.254435330
39.520251895 42.938422086
46.069688535 45.563878517
37.061203927 37.947627235
41.388045679 39.495179203
-12.784464225 33.396544671
-5.523953555 3.420133123
-3.055173387 22.986757325
-9.350174076 17.133763929
-5.869174759 5.366008245
39.426947791 37.876393687
40.431391737 42.359902484
-8.548806983 13.654647283
-0.168103000 18.289980774
38.370181242 44.371065553
41.322792563 37.369168324
39.504726225 40.575302814
40.187311399 39.368553547
-5.174985075 7.907233419
37.798437947 38.500187315
41.516122367 41.136240484
-1.193208969 13.963591042
-3.293248848 10.439715171
-15.362737641 39.547583056
40.843933630 44.982535738
33.006108569 34.921999458
-5.879277590 18.842326930
-2.528229265 34.436250442
38.931855271 39.474288168
38.717639771 42.203782329
44.047746384 41.389737522
38.074391875 41.243914284
39.946271486 38.096256187
34.629173893 38.818747539
45.708908310 41.730131284
-0.290503257 12.174314547
37.821196952 37.214901305
-3.736695340 53.413675420
39.614722992 38.126540000
-6.823539783 8.317064087
-1.206196485 36.816402832
-5.015029633 13.747995257
-21.260347167 5.515534577
-4.760778409 12.379113998
42.189684756 37.880388012
-15.065136945 8.190536808
42.831949710 44.195529533
-13.202065191 55.835075375
-11.468831344 10.703343046
39.472160642 39.054735775
-3.100529070 5.158557986
43.578660851 41.442780206
-0.290276054 5.068353026
-4.785723736 20.502007471
-17.554275491 6.922300814
-3.914197448 5.572460000
38.784640412 37.604707167
41.294396901 40.102635201
40.263001061 38.055102303
40.421845276 38.230831231
43.498069917 42.622666615
41.446049476 40.335715079
44.537583395 43.494169931
-5.745995772 22.657140665
43.877660769 39.513905780
-8.737723246 0.197436107
-12.594983937 31.062252508
-1.354030406 10.635489811
39.148459784 40.471610536
-5.996154183 23.031904201
38.753493315 40.047254046
38.244979993 41.245518503
34.041224162 39.414096206
-3.514246975 1.626682766
40.864563134 41.482139287
-1.378172757 12.146987364
39.710570038 34.812122599
42.739252460 43.370098867
40.328158043 35.203167123
-4.586195220 12.219790951
-1.663290091 21.950262634
-15.141863340 15.193846072
41.935505551 42.547788484
39.945753578 43.840166801
-2.522734332 46.358481718
-0.029038198 5.885759296
32.409735890 34.041464444
43.950598149 43.460264909
-2.128540509 9.027644576
-2.330517126 4.744225976
36.210611834 37.954679130
-0.932168606 40.854176466
-3.900968756 0.238317530
42.487984297 40.358080128
37.921389276 43.668102299
-17.935336440 12.504608467
-0.280591357 7.879057849
38.476327122 40.660795531
40.453003007 41.596617021
38.774172614 37.994498380
-7.664627363 1.646275031
41.442255237 37.953532880
-2.327081296 37.060573204
-4.147282428 5.145710394
41.158406139 41.204606622
37.770160485 37.914788298
-2.980957418 27.815753216
36.470973107 42.839716988
-16.812659421 4.903415087
45.316497962 42.586889432
38.096472650 41.726059727
-1.794166685 19.812959222
36.866774283 42.372149393
-0.399183910 2.498321404
38.889937487 36.127224978
35.866734464 36.480603491
39.745218568 37.851266130
-0.090663906 26.796924597
-9.055357456 2.069803854
40.332218951 42.034573171
37.419441883 38.288139664
-2.184756455 23.769588051
44.017972675 39.944920684
-0.279387535 9.730765153
-0.132410290 21.780736852
36.990249681 36.984127832
-0.838130734 15.493522398
-7.616279824 13.029259692
-6.989007372 17.861519027
38.613806007 42.124639977
39.385816797 35.299177177
36.438978987 36.879188200
-2.038402515 12.660206346
-2.243744293 15.050661004
-7.061506103 13.859545524
-19.542908547 5.829724252
-1.163893631 30.467684089
-3.201438536 2.272853617
-36.220439660 1.964434410
-0.942886443 15.696232887
-3.434569832 6.303227103
36.840669088 39.606313970
-8.017321371 15.630870817
-1.772040260 5.185359054
38.158611313 38.639194205
40.385147174 41.206844993
-12.406968630 3.446709313
37.427499375 36.715270505
-7.757794395 12.011716112
38.380753939 39.469723163
-3.407366828 2.431761166
-3.593988657 50.510645320
-5.583987785 6.937670153
37.755082824 40.211450225
-1.186897694 14.839209403
-0.602948827 25.127230530
42.512022657 42.427885847
-2.861587203 0.456851106
-2.698148935 18.513674725
42.775838583 40.845982639
41.648703401 43.491141494
-0.655875246 25.244028907
-1.283963022 4.919959446
-0.052611427 9.728670030
37.607325659 37.613394267
-4.225845516 2.739082267
39.798426207 40.609579506
40.559997666 37.387585535
38.058827414 39.637281493
42.595678341 40.444539105
-20.870612502 0.681292448
-3.368156392 4.691615233
-7.283930458 15.821471428
37.798572823 36.439641915
42.301030280 41.504089369
35.591026484 37.218105407
-5.424038474 2.528655655
-1.551419383 2.662053247
-0.935701403 19.102009274
40.050046668 37.346650275
40.412263401 40.060435241
39.309910736 36.605291625
37.497891068 37.867174223
41.275778204 42.310083278
-4.171052039 15.434207935
-2.842216471 20.103448182
37.637274240 39.709190308
38.292360222 39.888872997
-0.604440227 6.928389223
43.808378802 44.044729661
37.854780545 36.289109603
44.228686396 37.775684999
-1.179345938 4.007405963
45.190621045 41.787202208
47.656250034 47.136530728
-4.691136253 22.999721502
36.706810668 36.250009884
41.431391437 36.126869235
-5.921850940 8.172557468
41.170116809 37.435779268
-11.474835349 12.156748741
41.139102355 40.501021981
39.419307854 38.942145868
-9.101858209 19.986827774
-3.388475739 1.393587162
44.165223264 39.129367259
-5.390263285 20.911372752
33.579413321 38.066850579
-0.583820701 8.389100695
-1.150932773 12.456473352
-4.812915721 4.183584297
39.000144126 38.928397326
-3.744609113 10.973769705
-0.628380056 36.733586181
32.630873784 37.416833810
-10.045385858 0.529802448
39.724575663 34.492091633
-0.800896469 20.912495192
40.429335875 36.607179337
40.349279082 41.045900424
37.766583011 37.281846394
-5.238662220 20.600122016
44.805027712 41.769809710
37.909154828 39.823963778
-0.904566778 5.775543284
38.011890583 38.966325487
42.421453975 39.646150295
-1.556511494 3.925538888
44.033283207 43.123095615
42.435164254 40.269754273
39.299711294 40.615811272
37.593479508 38.153310039
-2.862982792 7.290496586
-4.862125313 4.552836343
-6.580814188 2.330280878
-2.441269901 16.876415318
38.290884467 39.313053478
50.834090174 47.001398464
-3.091020742 1.479833040
-6.434650356 9.766370445
39.405586736 43.809994412
-0.166317081 10.383314423
-4.949453918 7.872998992
38.353991270 42.963602912
46.065414198 44.925093248
-7.600076757 25.611844196
-0.247543178 4.799244008
-5.241727196 26.421506269
38.583019206 40.261940844
38.740184918 37.787970396
-0.555981991 29.152259381
39.768079136 34.908830911
44.089694632 40.666899777
39.222416127 34.804520170
40.457804113 39.545413672
41.255771948 42.411233333
34.558477280 34.396921956
41.666159494 43.138762807
37.932020425 39.004197238
-1.526851276 11.304040422
-11.161582216 13.195803505
-1.213223142 23.680721472
40.628918341 40.836277063
-5.203382385 9.166186439
-3.972575697 6.957112087
-10.529317888 0.737134685
38.154192088 34.816880312
43.273484777 41.471807487
40.035525914 37.040985694
41.673419963 37.752499305
-12.595863717 7.227476619
38.694171564 39.557385204
37.610665302 36.110775947
36.676902981 31.585503082
-0.911355482 1.814932835
-0.478365596 13.977573333
-2.609905215 40.268083724
43.229965559 39.348891378
-3.649019102 7.568485728
37.005135778 35.850039416
38.531637934 40.933041658
-7.588773940 17.287935429
36.214329089 35.594958712
41.681931028 38.723821697
39.024918193 40.367756430
-9.818933992 13.456248600
34.709089145 39.503646936
-4.233978546 7.374094592
-4.291774825 8.658969438
-12.654211206 6.018945291
41.773300465 37.680161865
-5.087092844 17.518022283
41.928836738 39.711702979
36.149406680 38.471142123
44.394473419 47.326644927
-12.711700820 13.267185237
-4.416105329 24.111817977
-5.289673705 19.334523050
-7.939626428 10.420991126
41.374379139 41.165941980
41.476546153 41.168036496
39.891943633 38.528731314
43.086156794 45.170613246
37.178125019 35.788879192
39.084773396 39.844391767
38.157332433 37.742135061
-0.955812279 9.619727781
44.601311302 38.124643006
36.465349490 37.002247112
-0.423966466 13.534176275
-14.282276023 4.486192815
-5.251911518 2.978089675
42.679871624 43.198526425
-10.121609597 1.837520392
42.066413456 38.262786572
42.115877217 35.994790416
-0.436969303 5.450731338
42.512748752 39.388176804
-10.628144985 18.252411018
35.660102831 39.808338771
40.513527802 38.828762790
-2.783039182 61.067445041
41.880300721 42.119788727
40.944340643 40.760566921
43.702550998 45.048923409
40.734743224 40.188312618
37.533325267 37.687381681
-11.314541667 0.534427998
-0.613112856 8.858057570
-11.765374834 29.598247451
-14.118464445 4.208594290
43.871399795 38.800020555
-4.312717224 5.992934189
-2.124401338 20.119920545
45.390690946 42.159666582
-9.147548836 28.973172502
-0.428753525 17.640203381
-1.616264031 8.155701198
40.464618894 41.769362050
35.424558597 40.110639008
45.606511694 40.919943527
-4.995161744 14.030072235
-2.015338034 2.399614069
38.437888083 43.650351274
44.557763754 42.931874885
40.344246754 45.873623608
40.230452944 39.642023276
-2.449299287 4.790306032
-8.960819204 2.503943848
-2.717933946 41.314096406
34.896850193 37.743679567
39.639327263 39.489196507
-11.146425956 14.851397551
37.819865589 38.397795258
-3.494454638 44.056458964
-2.474865914 14.686399566
36.939780470 39.788659825
39.851379100 45.078337720
-6.506724082 27.503552683
40.456329349 43.515455260
46.583944612 41.873079500
-2.419235362 18.573409266
38.229113010 41.553306679
40.383441375 37.150190118
37.381570554 42.238936880
39.807090070 41.062185786
40.735262887 41.099828045
39.939301307 36.447338233
34.590972161 35.701209375
36.353562873 35.215344055
39.823866013 35.540303811
39.171539410 39.279492888
45.779571849 44.179042041
41.454250186 39.057143037
46.439878756 39.734909997
33.715068904 36.712073159
44.835806102 45.540437354
-13.834778131 28.924437678
44.196739134 38.755977953
-2.446680373 16.643461828
33.582853762 37.472138584
-8.236602786 9.671052980
-0.378830772 3.955193020
42.741285929 42.551548501
-4.562395474 15.557106585
-14.284459695 52.312377177
38.048852423 38.318449368
43.673295311 44.613954376
-5.240584315 2.349314810
36.929795776 40.579811211
38.481012499 38.147195340
36.831768878 37.815085910
-3.203671444 10.164880171
45.705530803 42.124110879
-3.247241594 38.045843063
39.396474279 38.290428504
37.456125217 40.329627325
-0.941843378 8.721798524
-2.627376064 3.208210012
-14.596229154 10.536000517
35.163582867 40.680718599
40.285261194 34.963989677
-0.409121284 29.057555341
-7.073343651 0.450668440
43.366133256 42.979981610
39.584832853 42.066008374
-2.742446833 29.631488682
-7.996542392 9.645367608
-0.782091270 12.558771829
-6.091995303 24.361605959
-5.019558094 16.400896759
41.301539676 36.800478488
43.689081059 43.022341388
-12.130817296 33.410553340
41.625002484 39.765172085
35.435854632 40.543104572
-0.525195599 12.073531194
45.058964928 43.476318340
-9.357532152 27.530131900
41.533458547 35.806941012
38.468399447 39.464731004
38.132445655 36.671199655
-8.000417400 11.139847576
-6.533459217 10.829020383
-5.064840784 6.628794390
38.542686976 36.087745097
42.705802719 38.809596802
41.571773833 40.418484143
-2.806352509 13.383681074
-10.142859980 46.156401283
43.199219775 42.472462734
42.015499265 35.143622316
-4.252199473 3.424367860
-1.461175525 14.258574778
-6.275126495 4.740455349
-4.366287031 6.109768367
35.559727296 34.717931194
-5.175381628 3.668670123
-4.642788924 7.799349102
37.572038551 34.872783496
39.489987034 37.853363652
41.378302647 40.749343481
38.834843152 39.201990947
33.417367492 38.215928135
-1.459971661 7.729370354
34.937850988 41.501145203
40.264819018 41.149403707
-3.210981913 13.672701405
40.047137308 41.696686817
39.888132943 39.432832820
-0.712087372 7.396136473
-7.532573354 9.294953515
41.555017280 37.135658313
-5.375769724 41.027241176
39.527921789 36.062072888
42.890597020 41.561373581
36.922607517 41.374708445
-6.216705898 9.705413614
-0.890795784 2.874105857
41.941733138 38.412407467
42.764487438 40.387132433
-4.707782346 4.122034065
-11.227794179 14.070792772
41.195809403 40.248628972
-7.227285097 24.366019585
41.083803772 38.853462402
-11.617993253 25.137211884
37.982990427 36.580901312
40.975545049 41.147791157
37.811891825 40.579001069
-5.862293989 6.989653501
-13.178667198 3.162478270
-1.621000550 22.614755360
-8.033351344 20.176257477
42.720625877 41.380530413
40.500733873 41.269618611
35.396806064 42.978855579
37.453715674 39.102367280
40.659956197 39.284607583
-9.091788362 17.401687875
-1.614654261 10.951344331
41.677079485 40.211705014
-2.010120206 1.688030160
-5.561105070 4.069713973
-3.205875842 26.882300014
-1.733387470 21.571314471
-14.217516838 5.849430122
-3.855414081 6.183560615
-5.011665035 3.917245041
-8.683693883 5.308324483
35.653880893 37.744286242
-3.670746263 8.580067323
-9.290467297 22.852400278
-1.576650965 25.294760790
-0.251123471 19.768225318
39.940210015 40.350083626
